MEME version 4

ALPHABET= ACGT

strands: + -

Background letter frequencies
A 0.303 C 0.183 G 0.209 T 0.306 

MOTIF motif0 motif0

letter-probability matrix: alength= 4 w= 15
 0.249137	  0.310355	  0.264201	  0.176305	
 0.35894	  0.242354	  0.181602	  0.217102	
 0.220132	  0.298019	  0.250557	  0.23129	
 0.371784	  0.146702	  0.231375	  0.250136	
 0.362511	  0.228097	  0.218136	  0.191254	
 0.312916	  0.286411	  0.261036	  0.139635	
 0.333397	  0.270689	  0.252596	  0.143316	
 0.315303	  0.230373	  0.235734	  0.218588	
 0.235987	  0.246622	  0.164492	  0.352896	
 0.2139	  0.319023	  0.250043	  0.217031	
 0.181222	  0.142754	  0.324597	  0.351424	
 0.198146	  0.162509	  0.19068	  0.448663	
 0.167051	  0.214379	  0.254952	  0.363617	
 0.137862	  0.375618	  0.194585	  0.291933	
 0.194094	  0.173563	  0.330876	  0.301465	

MOTIF motif1 motif1

letter-probability matrix: alength= 4 w= 15
 0.323354	  0.124305	  0.314723	  0.237616	
 0.227285	  0.195483	  0.258164	  0.319066	
 0.187515	  0.324191	  0.210173	  0.278119	
 0.158809	  0.324257	  0.249908	  0.267024	
 0.193656	  0.257546	  0.219883	  0.328912	
 0.299318	  0.249068	  0.193595	  0.258017	
 0.271648	  0.349631	  0.211965	  0.166753	
 0.261686	  0.181815	  0.333233	  0.223264	
 0.270888	  0.233225	  0.249227	  0.246658	
 0.358295	  0.296679	  0.199766	  0.145258	
 0.129752	  0.376955	  0.229616	  0.263675	
 0.297182	  0.361022	  0.208912	  0.132882	
 0.356164	  0.190324	  0.325331	  0.12818	
 0.295334	  0.322564	  0.18226	  0.19984	
 0.380177	  0.170261	  0.256434	  0.193126	

MOTIF motif2 motif2

letter-probability matrix: alength= 4 w= 15
 0.232066	  0.264833	  0.27443	  0.22867	
 0.189442	  0.315408	  0.186379	  0.308769	
 0.270593	  0.262184	  0.325404	  0.141816	
 0.368823	  0.214427	  0.146171	  0.270577	
 0.346679	  0.147493	  0.414476	  0.09135	
 0.201335	  0.251583	  0.333581	  0.213499	
 0.332525	  0.342506	  0.195913	  0.129054	
 0.303611	  0.365741	  0.085681	  0.244966	
 0.257395	  0.24291	  0.277667	  0.222026	
 0.297216	  0.188629	  0.183726	  0.330428	
 0.34501	  0.198106	  0.248791	  0.208091	
 0.227396	  0.246276	  0.307255	  0.219071	
 0.263925	  0.232867	  0.254687	  0.248518	
 0.239384	  0.253578	  0.247936	  0.2591	
 0.288194	  0.239519	  0.230563	  0.241722	

MOTIF motif3 motif3

letter-probability matrix: alength= 4 w= 15
 0.214062	  0.223864	  0.270402	  0.291669	
 0.217207	  0.310708	  0.22089	  0.251193	
 0.25278	  0.211012	  0.335932	  0.200275	
 0.208009	  0.264471	  0.276644	  0.250875	
 0.278992	  0.285651	  0.179869	  0.255485	
 0.30599	  0.312488	  0.19107	  0.19045	
 0.269148	  0.220273	  0.293666	  0.21691	
 0.230997	  0.25584	  0.369912	  0.143249	
 0.208799	  0.096877	  0.359235	  0.335087	
 0.122551	  0.111006	  0.422392	  0.344049	
 0.42851	  0.209412	  0.180831	  0.181246	
 0.22049	  0.318598	  0.173886	  0.287024	
 0.26012	  0.218038	  0.297812	  0.224028	
 0.319962	  0.188677	  0.312122	  0.179237	
 0.285495	  0.228205	  0.266928	  0.21937	

MOTIF motif4 motif4

letter-probability matrix: alength= 4 w= 15
 0.233501	  0.28983	  0.218817	  0.257849	
 0.280214	  0.2218	  0.360519	  0.137465	
 0.242048	  0.292143	  0.150374	  0.315432	
 0.311068	  0.247624	  0.291856	  0.149449	
 0.291563	  0.279637	  0.217903	  0.210895	
 0.222494	  0.261706	  0.198499	  0.317299	
 0.321296	  0.257993	  0.158344	  0.262365	
 0.214159	  0.362931	  0.133354	  0.289553	
 0.167484	  0.26243	  0.397171	  0.172913	
 0.217953	  0.293599	  0.303453	  0.184993	
 0.202986	  0.297079	  0.174021	  0.325911	
 0.237989	  0.251862	  0.17137	  0.338777	
 0.282619	  0.183433	  0.191019	  0.342927	
 0.162211	  0.173313	  0.334583	  0.329891	
 0.241647	  0.238174	  0.137846	  0.382331	

MOTIF motif5 motif5

letter-probability matrix: alength= 4 w= 15
 0.220851	  0.234865	  0.330532	  0.213751	
 0.23005	  0.192679	  0.236413	  0.340856	
 0.216473	  0.295336	  0.167356	  0.320833	
 0.382551	  0.154073	  0.293544	  0.16983	
 0.412458	  0.152252	  0.169568	  0.26572	
 0.460998	  0.191065	  0.189773	  0.158161	
 0.268132	  0.109821	  0.199808	  0.422237	
 0.346719	  0.189665	  0.18978	  0.273834	
 0.291132	  0.368309	  0.135279	  0.205279	
 0.186099	  0.342055	  0.255763	  0.216081	
 0.182335	  0.249413	  0.275988	  0.292262	
 0.282109	  0.29671	  0.238523	  0.182656	
 0.169516	  0.277425	  0.2744	  0.278657	
 0.18008	  0.305656	  0.294378	  0.219883	
 0.212627	  0.246924	  0.306667	  0.23378	

MOTIF motif6 motif6

letter-probability matrix: alength= 4 w= 15
 0.219714	  0.132839	  0.309549	  0.337897	
 0.182482	  0.311004	  0.162805	  0.343707	
 0.246599	  0.187475	  0.327468	  0.238456	
 0.243	  0.223584	  0.157479	  0.375935	
 0.173256	  0.322552	  0.194818	  0.309372	
 0.270746	  0.215582	  0.288685	  0.224985	
 0.227233	  0.206749	  0.290107	  0.275909	
 0.260997	  0.323373	  0.272429	  0.143199	
 0.292996	  0.324145	  0.265217	  0.11764	
 0.214458	  0.122876	  0.353699	  0.308965	
 0.372021	  0.234965	  0.248444	  0.144568	
 0.258958	  0.364282	  0.208967	  0.167791	
 0.211181	  0.285486	  0.211454	  0.291877	
 0.288816	  0.239096	  0.251711	  0.220375	
 0.175051	  0.257623	  0.266796	  0.300529	

MOTIF motif7 motif7

letter-probability matrix: alength= 4 w= 15
 0.285203	  0.256864	  0.225903	  0.232028	
 0.253519	  0.289331	  0.205726	  0.251422	
 0.287835	  0.203321	  0.292369	  0.216473	
 0.307752	  0.216773	  0.272148	  0.203325	
 0.267193	  0.244833	  0.305811	  0.182161	
 0.200987	  0.355997	  0.13528	  0.307733	
 0.393284	  0.254021	  0.225289	  0.127404	
 0.158575	  0.373114	  0.111488	  0.356821	
 0.222614	  0.098772	  0.345934	  0.332678	
 0.158307	  0.379383	  0.237679	  0.224628	
 0.16065	  0.336074	  0.270394	  0.23288	
 0.309603	  0.230358	  0.218762	  0.241275	
 0.300015	  0.189216	  0.199507	  0.31126	
 0.251395	  0.251208	  0.286895	  0.2105	
 0.275577	  0.227162	  0.27356	  0.223699	

MOTIF motif8 motif8

letter-probability matrix: alength= 4 w= 15
 0.250343	  0.222277	  0.34639	  0.180988	
 0.330583	  0.214997	  0.264387	  0.190031	
 0.314562	  0.206909	  0.22306	  0.255468	
 0.173662	  0.250723	  0.339597	  0.236016	
 0.276823	  0.337105	  0.278851	  0.107218	
 0.174569	  0.302268	  0.127746	  0.395415	
 0.222935	  0.243271	  0.198783	  0.335009	
 0.166075	  0.179734	  0.234373	  0.419816	
 0.17744	  0.355138	  0.293338	  0.174081	
 0.286195	  0.167077	  0.164553	  0.382174	
 0.234747	  0.290795	  0.233624	  0.240832	
 0.1687	  0.251416	  0.240264	  0.339619	
 0.25682	  0.232517	  0.250142	  0.260519	
 0.225408	  0.295693	  0.206178	  0.272719	
 0.314172	  0.218441	  0.272964	  0.194421	

MOTIF motif9 motif9

letter-probability matrix: alength= 4 w= 15
 0.280721	  0.264851	  0.214795	  0.239632	
 0.272471	  0.276134	  0.249237	  0.202156	
 0.31235	  0.256469	  0.298179	  0.132999	
 0.239022	  0.128718	  0.164236	  0.468022	
 0.245929	  0.259053	  0.161441	  0.333575	
 0.338641	  0.244474	  0.208064	  0.208819	
 0.168943	  0.379448	  0.245128	  0.206478	
 0.344041	  0.186509	  0.243906	  0.225541	
 0.263228	  0.245155	  0.190041	  0.301574	
 0.385499	  0.237442	  0.107404	  0.269653	
 0.331897	  0.213249	  0.19201	  0.262842	
 0.165362	  0.313831	  0.206047	  0.314758	
 0.236936	  0.381365	  0.179598	  0.202099	
 0.225696	  0.194947	  0.335585	  0.243769	
 0.252127	  0.229378	  0.254732	  0.263761	

MOTIF motif10 motif10

letter-probability matrix: alength= 4 w= 15
 0.166878	  0.262265	  0.280614	  0.29024	
 0.221654	  0.172579	  0.375979	  0.229786	
 0.276723	  0.133473	  0.327034	  0.262768	
 0.506482	  0.169199	  0.183986	  0.140331	
 0.333972	  0.152041	  0.162593	  0.351391	
 0.204635	  0.250151	  0.241068	  0.304144	
 0.257589	  0.292403	  0.14504	  0.304966	
 0.241071	  0.3265	  0.26369	  0.168737	
 0.40562	  0.27439	  0.169545	  0.150443	
 0.2653	  0.233842	  0.209105	  0.291752	
 0.161057	  0.253792	  0.285615	  0.299534	
 0.329952	  0.268038	  0.171059	  0.230949	
 0.284665	  0.303377	  0.183166	  0.228789	
 0.252524	  0.22663	  0.219663	  0.301182	
 0.201362	  0.230567	  0.313817	  0.254253	

MOTIF motif11 motif11

letter-probability matrix: alength= 4 w= 15
 0.273101	  0.227262	  0.240244	  0.259391	
 0.43558	  0.12566	  0.377566	  0.061192	
 0.064432	  0.201272	  0.270055	  0.464238	
 0.244828	  0.245322	  0.301391	  0.208458	
 0.237053	  0.265198	  0.311753	  0.185994	
 0.230617	  0.256555	  0.240885	  0.271941	
 0.344196	  0.218664	  0.198878	  0.238259	
 0.25709	  0.212638	  0.279809	  0.250461	
 0.249125	  0.244115	  0.240256	  0.266502	
 0.174012	  0.310391	  0.264193	  0.251403	
 0.208583	  0.375318	  0.19515	  0.220947	
 0.248549	  0.257275	  0.300402	  0.193771	
 0.260677	  0.264023	  0.206381	  0.268917	
 0.241287	  0.240463	  0.21874	  0.299508	
 0.262349	  0.224148	  0.263232	  0.250269	

MOTIF motif12 motif12

letter-probability matrix: alength= 4 w= 15
 0.236778	  0.28905	  0.274875	  0.199295	
 0.260256	  0.219288	  0.325132	  0.195322	
 0.155194	  0.329687	  0.218717	  0.2964	
 0.377928	  0.195381	  0.262665	  0.164023	
 0.263553	  0.239145	  0.243675	  0.253626	
 0.148276	  0.293009	  0.227645	  0.331069	
 0.142151	  0.291698	  0.374693	  0.191456	
 0.338561	  0.189462	  0.392791	  0.079185	
 0.203134	  0.212367	  0.252767	  0.33173	
 0.202652	  0.342065	  0.143487	  0.311794	
 0.219426	  0.165604	  0.254513	  0.360455	
 0.281646	  0.138382	  0.379204	  0.200766	
 0.204633	  0.240441	  0.30685	  0.248074	
 0.273314	  0.244929	  0.247051	  0.234704	
 0.291871	  0.227929	  0.261275	  0.218923	

MOTIF motif13 motif13

letter-probability matrix: alength= 4 w= 15
 0.270536	  0.285497	  0.203121	  0.240844	
 0.123351	  0.32147	  0.240033	  0.315144	
 0.275172	  0.146157	  0.174125	  0.404544	
 0.365458	  0.237334	  0.221228	  0.175978	
 0.309579	  0.264976	  0.240067	  0.185376	
 0.239804	  0.201379	  0.265852	  0.292964	
 0.30167	  0.403864	  0.148467	  0.145997	
 0.228811	  0.195213	  0.219955	  0.356019	
 0.218544	  0.202094	  0.302703	  0.276657	
 0.35732	  0.186583	  0.203319	  0.252776	
 0.270567	  0.238777	  0.187771	  0.302883	
 0.345969	  0.187186	  0.196323	  0.27052	
 0.340766	  0.247681	  0.228505	  0.183046	
 0.227341	  0.328228	  0.265106	  0.179323	
 0.258726	  0.191894	  0.277281	  0.272097	

MOTIF motif14 motif14

letter-probability matrix: alength= 4 w= 15
 0.342478	  0.202737	  0.218699	  0.236084	
 0.275488	  0.125388	  0.263299	  0.335824	
 0.309923	  0.194873	  0.265824	  0.229378	
 0.293168	  0.186906	  0.282921	  0.237004	
 0.196604	  0.415608	  0.203041	  0.184745	
 0.15691	  0.359418	  0.252025	  0.231645	
 0.240979	  0.139978	  0.251239	  0.367802	
 0.339234	  0.229418	  0.244718	  0.186628	
 0.209021	  0.278981	  0.288787	  0.223209	
 0.299829	  0.217332	  0.340094	  0.142742	
 0.282103	  0.160358	  0.247289	  0.310248	
 0.228567	  0.167143	  0.406819	  0.19747	
 0.23843	  0.178915	  0.325083	  0.25757	
 0.302318	  0.219762	  0.202634	  0.275283	
 0.197985	  0.425442	  0.144034	  0.232536	

MOTIF motif15 motif15

letter-probability matrix: alength= 4 w= 15
 0.269258	  0.235408	  0.262126	  0.233207	
 0.215189	  0.211994	  0.280274	  0.292542	
 0.296982	  0.228024	  0.279481	  0.19551	
 0.213683	  0.225497	  0.337606	  0.223212	
 0.277871	  0.400945	  0.168419	  0.152764	
 0.306023	  0.244903	  0.260218	  0.188855	
 0.265592	  0.402372	  0.15764	  0.174394	
 0.14829	  0.316818	  0.176229	  0.358661	
 0.330926	  0.288738	  0.204857	  0.175477	
 0.372595	  0.18462	  0.171604	  0.271179	
 0.300927	  0.117535	  0.404958	  0.176578	
 0.201471	  0.348717	  0.260154	  0.189656	
 0.204046	  0.296397	  0.312397	  0.187159	
 0.239165	  0.274455	  0.27017	  0.216207	
 0.196972	  0.275189	  0.272281	  0.255555	

MOTIF motif16 motif16

letter-probability matrix: alength= 4 w= 15
 0.176099	  0.23843	  0.292518	  0.292951	
 0.225481	  0.255144	  0.312713	  0.20666	
 0.300825	  0.27423	  0.212098	  0.212845	
 0.186434	  0.275646	  0.318241	  0.219676	
 0.223447	  0.311187	  0.197487	  0.267877	
 0.224716	  0.369488	  0.202494	  0.2033	
 0.333751	  0.174861	  0.219939	  0.271446	
 0.298873	  0.225231	  0.23484	  0.241054	
 0.204583	  0.21504	  0.280205	  0.30017	
 0.279233	  0.286747	  0.127717	  0.306301	
 0.245242	  0.170576	  0.237704	  0.346477	
 0.224876	  0.07604	  0.471998	  0.227084	
 0.38751	  0.263073	  0.18718	  0.162234	
 0.174038	  0.183055	  0.353246	  0.289659	
 0.204147	  0.269301	  0.215607	  0.310944	

MOTIF motif17 motif17

letter-probability matrix: alength= 4 w= 15
 0.243983	  0.299603	  0.215922	  0.24049	
 0.184863	  0.224977	  0.325729	  0.264429	
 0.205344	  0.314724	  0.253436	  0.226493	
 0.233619	  0.347253	  0.196157	  0.22297	
 0.134433	  0.292356	  0.290631	  0.282578	
 0.266524	  0.237278	  0.342348	  0.153848	
 0.266463	  0.40758	  0.162136	  0.163818	
 0.321732	  0.344485	  0.20672	  0.127061	
 0.29164	  0.149584	  0.250422	  0.308352	
 0.28769	  0.152374	  0.313192	  0.246741	
 0.194781	  0.369916	  0.275114	  0.160188	
 0.248709	  0.272127	  0.167085	  0.312077	
 0.272693	  0.225917	  0.208149	  0.293239	
 0.176037	  0.234178	  0.262113	  0.32767	
 0.25835	  0.246392	  0.144412	  0.350844	

MOTIF motif18 motif18

letter-probability matrix: alength= 4 w= 15
 0.303133	  0.229204	  0.246237	  0.221424	
 0.324789	  0.177119	  0.205606	  0.292483	
 0.247493	  0.264324	  0.185381	  0.3028	
 0.264889	  0.278096	  0.237161	  0.219851	
 0.26387	  0.307975	  0.178058	  0.250096	
 0.181927	  0.259239	  0.310587	  0.248245	
 0.230506	  0.351312	  0.214263	  0.203917	
 0.424245	  0.255505	  0.192856	  0.127392	
 0.322517	  0.307915	  0.139205	  0.230361	
 0.155294	  0.366127	  0.141961	  0.336615	
 0.327333	  0.345964	  0.135128	  0.191573	
 0.107057	  0.321624	  0.334175	  0.237142	
 0.298469	  0.189403	  0.218964	  0.293162	
 0.180544	  0.35497	  0.201049	  0.263434	
 0.249917	  0.281358	  0.246032	  0.222692	

MOTIF motif19 motif19

letter-probability matrix: alength= 4 w= 15
 0.239238	  0.25341	  0.248649	  0.2587	
 0.225747	  0.253642	  0.261736	  0.258872	
 0.256972	  0.272641	  0.222217	  0.248168	
 0.25121	  0.227497	  0.266996	  0.254295	
 0.212485	  0.232698	  0.271176	  0.283639	
 0.141306	  0.189062	  0.137782	  0.531848	
 0.160274	  0.115994	  0.291701	  0.432029	
 0.286881	  0.17858	  0.424214	  0.110323	
 0.14058	  0.445073	  0.173886	  0.240459	
 0.294381	  0.236007	  0.226126	  0.243483	
 0.316709	  0.262402	  0.241615	  0.179273	
 0.25704	  0.225873	  0.215481	  0.301604	
 0.2618	  0.221628	  0.229524	  0.287046	
 0.302356	  0.194214	  0.245559	  0.25787	
 0.254336	  0.271318	  0.238871	  0.235473	

MOTIF motif20 motif20

letter-probability matrix: alength= 4 w= 15
 0.289764	  0.261327	  0.247393	  0.201514	
 0.257615	  0.291835	  0.289669	  0.160879	
 0.302032	  0.19549	  0.321978	  0.180498	
 0.105603	  0.168636	  0.457772	  0.267987	
 0.260914	  0.379294	  0.057544	  0.302246	
 0.336786	  0.261757	  0.301165	  0.10029	
 0.180385	  0.331404	  0.254022	  0.234187	
 0.271817	  0.255519	  0.233909	  0.238753	
 0.229147	  0.241798	  0.228468	  0.300585	
 0.252894	  0.302418	  0.202285	  0.2424	
 0.247136	  0.245759	  0.279714	  0.227389	
 0.201914	  0.263663	  0.277195	  0.257225	
 0.193345	  0.294423	  0.278043	  0.234187	
 0.236504	  0.282484	  0.240912	  0.240098	
 0.270235	  0.220277	  0.265068	  0.244419	

MOTIF motif21 motif21

letter-probability matrix: alength= 4 w= 15
 0.295075	  0.285022	  0.243141	  0.17676	
 0.274336	  0.227811	  0.301764	  0.196087	
 0.27504	  0.267185	  0.226213	  0.23156	
 0.211889	  0.258955	  0.335418	  0.193736	
 0.340228	  0.124886	  0.336437	  0.198447	
 0.19324	  0.189962	  0.367291	  0.249506	
 0.354275	  0.112203	  0.227593	  0.305927	
 0.29858	  0.183307	  0.346937	  0.171174	
 0.30298	  0.261915	  0.185717	  0.249385	
 0.239271	  0.367422	  0.089824	  0.303481	
 0.133336	  0.279987	  0.215681	  0.370994	
 0.273361	  0.310117	  0.219658	  0.196862	
 0.222608	  0.322519	  0.20418	  0.250691	
 0.213388	  0.239652	  0.269893	  0.277064	
 0.280053	  0.249753	  0.209733	  0.260459	

MOTIF motif22 motif22

letter-probability matrix: alength= 4 w= 15
 0.248827	  0.245249	  0.247647	  0.258275	
 0.25051	  0.255359	  0.210455	  0.283674	
 0.245248	  0.238559	  0.273539	  0.242652	
 0.27618	  0.200235	  0.316749	  0.206834	
 0.213885	  0.244709	  0.330023	  0.211381	
 0.325542	  0.202406	  0.307574	  0.164476	
 0.096315	  0.525858	  0.103017	  0.274807	
 0.421984	  0.096805	  0.234002	  0.247207	
 0.28234	  0.136769	  0.262893	  0.317997	
 0.238001	  0.224866	  0.34787	  0.189261	
 0.271294	  0.282494	  0.278829	  0.167381	
 0.189376	  0.312961	  0.226435	  0.271226	
 0.264084	  0.308475	  0.195444	  0.231995	
 0.269744	  0.251298	  0.247266	  0.23169	
 0.291149	  0.250481	  0.215852	  0.242516	

MOTIF motif23 motif23

letter-probability matrix: alength= 4 w= 15
 0.246942	  0.197608	  0.297711	  0.257737	
 0.293468	  0.214631	  0.255178	  0.236721	
 0.254006	  0.162091	  0.328866	  0.255035	
 0.242485	  0.141824	  0.376903	  0.238786	
 0.132904	  0.1759	  0.450412	  0.240782	
 0.206322	  0.324951	  0.153057	  0.315668	
 0.212892	  0.386995	  0.170702	  0.22941	
 0.28969	  0.229521	  0.152035	  0.328752	
 0.354707	  0.205341	  0.162023	  0.277927	
 0.435124	  0.210014	  0.197159	  0.1577	
 0.302721	  0.197351	  0.155459	  0.344467	
 0.20429	  0.288373	  0.169895	  0.337441	
 0.258889	  0.229354	  0.25875	  0.253005	
 0.297122	  0.203922	  0.243227	  0.255727	
 0.253184	  0.241284	  0.278612	  0.226918	

MOTIF motif24 motif24

letter-probability matrix: alength= 4 w= 15
 0.171719	  0.252259	  0.293734	  0.282286	
 0.267556	  0.246197	  0.208398	  0.277847	
 0.176266	  0.264079	  0.318217	  0.241436	
 0.275343	  0.185323	  0.277154	  0.262178	
 0.430684	  0.132333	  0.277801	  0.15918	
 0.18321	  0.152225	  0.210327	  0.454236	
 0.102847	  0.262063	  0.381888	  0.253199	
 0.155974	  0.188162	  0.313399	  0.342463	
 0.24762	  0.23446	  0.309236	  0.208681	
 0.277884	  0.247746	  0.315468	  0.1589	
 0.242409	  0.197845	  0.313419	  0.246325	
 0.185066	  0.257076	  0.352792	  0.205064	
 0.303807	  0.151616	  0.217377	  0.327198	
 0.266649	  0.233894	  0.255769	  0.243686	
 0.277495	  0.244929	  0.207301	  0.270272	

MOTIF motif25 motif25

letter-probability matrix: alength= 4 w= 15
 0.189036	  0.234737	  0.308388	  0.267837	
 0.320008	  0.192081	  0.307838	  0.180072	
 0.245888	  0.237744	  0.237688	  0.278677	
 0.280806	  0.212442	  0.273317	  0.233433	
 0.245861	  0.296779	  0.143716	  0.313642	
 0.282537	  0.210364	  0.347256	  0.15984	
 0.218615	  0.205492	  0.234907	  0.340984	
 0.15097	  0.263455	  0.212804	  0.37277	
 0.316682	  0.198528	  0.353565	  0.131223	
 0.222089	  0.264263	  0.276173	  0.237474	
 0.297372	  0.273111	  0.29031	  0.139206	
 0.219746	  0.308083	  0.267543	  0.204625	
 0.245203	  0.267824	  0.277126	  0.209845	
 0.446939	  0.098216	  0.258194	  0.196649	
 0.092103	  0.248289	  0.245831	  0.413775	

MOTIF motif26 motif26

letter-probability matrix: alength= 4 w= 15
 0.177006	  0.280493	  0.263691	  0.278808	
 0.275159	  0.270894	  0.188485	  0.26546	
 0.238284	  0.238009	  0.187327	  0.336378	
 0.315679	  0.121234	  0.36879	  0.194295	
 0.167471	  0.471925	  0.194412	  0.166189	
 0.248171	  0.277835	  0.306841	  0.16715	
 0.153481	  0.246178	  0.216191	  0.384148	
 0.219102	  0.170722	  0.240331	  0.369843	
 0.228	  0.262073	  0.193495	  0.316429	
 0.270701	  0.287207	  0.195624	  0.246467	
 0.292772	  0.227038	  0.200132	  0.280055	
 0.22564	  0.305591	  0.283908	  0.184859	
 0.283295	  0.269708	  0.135528	  0.311467	
 0.319792	  0.203092	  0.254651	  0.222464	
 0.264882	  0.242501	  0.321134	  0.171481	

MOTIF motif27 motif27

letter-probability matrix: alength= 4 w= 15
 0.183908	  0.19127	  0.159751	  0.465069	
 0.159779	  0.432493	  0.322366	  0.08536	
 0.219502	  0.315083	  0.167211	  0.298202	
 0.334075	  0.256167	  0.221773	  0.187984	
 0.34705	  0.234099	  0.21002	  0.208828	
 0.320216	  0.223039	  0.200039	  0.256704	
 0.280742	  0.210071	  0.29687	  0.212315	
 0.168431	  0.271198	  0.262713	  0.297657	
 0.22058	  0.272654	  0.233017	  0.273747	
 0.269486	  0.205769	  0.290158	  0.234585	
 0.219914	  0.236874	  0.378607	  0.164603	
 0.154299	  0.361573	  0.295998	  0.188128	
 0.279465	  0.214119	  0.335466	  0.170948	
 0.282375	  0.131298	  0.186603	  0.399723	
 0.240454	  0.309646	  0.213202	  0.236696	

MOTIF motif28 motif28

letter-probability matrix: alength= 4 w= 15
 0.26585	  0.212149	  0.236716	  0.285283	
 0.307319	  0.136392	  0.234367	  0.32192	
 0.157229	  0.270607	  0.232623	  0.339539	
 0.165321	  0.218518	  0.262302	  0.353857	
 0.23518	  0.174529	  0.192795	  0.397494	
 0.189609	  0.415384	  0.235644	  0.159361	
 0.149856	  0.28555	  0.271621	  0.29297	
 0.147665	  0.158386	  0.434107	  0.259839	
 0.266353	  0.221027	  0.124829	  0.387789	
 0.206413	  0.343582	  0.209194	  0.240809	
 0.366952	  0.178915	  0.207899	  0.246232	
 0.210771	  0.249681	  0.227203	  0.312342	
 0.219586	  0.369674	  0.201263	  0.209474	
 0.237032	  0.256542	  0.22062	  0.285804	
 0.282493	  0.158859	  0.286222	  0.272424	

MOTIF motif29 motif29

letter-probability matrix: alength= 4 w= 15
 0.15292	  0.292198	  0.216566	  0.338315	
 0.219147	  0.217902	  0.214576	  0.348373	
 0.300003	  0.267892	  0.291254	  0.140849	
 0.207051	  0.260131	  0.260065	  0.272751	
 0.196654	  0.259898	  0.239223	  0.304223	
 0.17095	  0.25095	  0.240923	  0.337175	
 0.281451	  0.179097	  0.263899	  0.275551	
 0.141336	  0.268077	  0.367088	  0.223497	
 0.190336	  0.345761	  0.106791	  0.357109	
 0.154438	  0.18512	  0.395292	  0.265148	
 0.122926	  0.254943	  0.292478	  0.329651	
 0.263981	  0.21393	  0.169226	  0.352861	
 0.160015	  0.288291	  0.239906	  0.311786	
 0.178052	  0.297655	  0.198594	  0.325697	
 0.297135	  0.160027	  0.282035	  0.260801	

MOTIF motif30 motif30

letter-probability matrix: alength= 4 w= 15
 0.281608	  0.261537	  0.208723	  0.24813	
 0.188497	  0.240623	  0.329512	  0.241366	
 0.255402	  0.201515	  0.228453	  0.314628	
 0.195688	  0.294206	  0.270475	  0.239629	
 0.203453	  0.230935	  0.286348	  0.279262	
 0.271702	  0.156079	  0.355392	  0.216825	
 0.301112	  0.293466	  0.224963	  0.180456	
 0.194961	  0.20265	  0.305112	  0.297274	
 0.118612	  0.303927	  0.159703	  0.417756	
 0.378359	  0.092473	  0.201219	  0.327947	
 0.280769	  0.307604	  0.241949	  0.169676	
 0.18534	  0.312891	  0.167235	  0.334532	
 0.238603	  0.267268	  0.22223	  0.271897	
 0.27086	  0.226254	  0.224782	  0.278102	
 0.273634	  0.230852	  0.279466	  0.216046	

MOTIF motif31 motif31

letter-probability matrix: alength= 4 w= 15
 0.265705	  0.238386	  0.260773	  0.235134	
 0.231887	  0.266705	  0.255651	  0.245755	
 0.189138	  0.293882	  0.288909	  0.228069	
 0.19661	  0.24541	  0.32195	  0.236028	
 0.292353	  0.1927	  0.293021	  0.221923	
 0.234434	  0.242438	  0.257769	  0.265357	
 0.179563	  0.313447	  0.232683	  0.274305	
 0.249789	  0.270535	  0.194287	  0.285388	
 0.30248	  0.187114	  0.276729	  0.233676	
 0.221189	  0.330879	  0.093706	  0.354224	
 0.206598	  0.17489	  0.535358	  0.083152	
 0.342374	  0.17197	  0.357742	  0.127912	
 0.323083	  0.204958	  0.251015	  0.220942	
 0.269202	  0.266593	  0.28633	  0.177872	
 0.190491	  0.295146	  0.247208	  0.267153	

MOTIF motif32 motif32

letter-probability matrix: alength= 4 w= 15
 0.228464	  0.24233	  0.246372	  0.282832	
 0.246949	  0.239678	  0.245237	  0.268133	
 0.309111	  0.238487	  0.22456	  0.22784	
 0.183285	  0.330935	  0.202311	  0.283467	
 0.152429	  0.281597	  0.273382	  0.292589	
 0.150594	  0.186209	  0.419366	  0.243829	
 0.287785	  0.242245	  0.183514	  0.286454	
 0.327322	  0.273216	  0.151366	  0.248093	
 0.28431	  0.327404	  0.12724	  0.261044	
 0.113834	  0.21932	  0.455088	  0.211756	
 0.246784	  0.124821	  0.370414	  0.257978	
 0.453214	  0.214033	  0.156515	  0.176236	
 0.321022	  0.254863	  0.205662	  0.218452	
 0.246666	  0.314023	  0.204287	  0.235021	
 0.236534	  0.231424	  0.316888	  0.215152	

MOTIF motif33 motif33

letter-probability matrix: alength= 4 w= 15
 0.354341	  0.258671	  0.126771	  0.260215	
 0.269403	  0.214079	  0.372577	  0.143939	
 0.168568	  0.275588	  0.378931	  0.176911	
 0.226341	  0.233599	  0.25403	  0.286028	
 0.213806	  0.317727	  0.189161	  0.279304	
 0.264619	  0.357684	  0.197538	  0.180156	
 0.246729	  0.196492	  0.240201	  0.316577	
 0.330675	  0.186865	  0.316827	  0.165631	
 0.24139	  0.342729	  0.172512	  0.243367	
 0.258262	  0.233923	  0.195624	  0.312189	
 0.331525	  0.15595	  0.299215	  0.213308	
 0.282078	  0.221995	  0.342504	  0.153422	
 0.248555	  0.212716	  0.36235	  0.176376	
 0.31119	  0.140794	  0.338904	  0.209109	
 0.343414	  0.227781	  0.174473	  0.25433	

MOTIF motif34 motif34

letter-probability matrix: alength= 4 w= 15
 0.217898	  0.285112	  0.29427	  0.202718	
 0.203414	  0.255579	  0.306857	  0.234148	
 0.203399	  0.218701	  0.303053	  0.274844	
 0.177203	  0.217417	  0.323593	  0.281785	
 0.28205	  0.145132	  0.331901	  0.240915	
 0.309679	  0.291243	  0.16023	  0.238846	
 0.286914	  0.32813	  0.139843	  0.245111	
 0.252111	  0.15224	  0.204984	  0.390663	
 0.174702	  0.310026	  0.212999	  0.302271	
 0.403611	  0.113989	  0.375642	  0.106756	
 0.21669	  0.41444	  0.195302	  0.173566	
 0.308629	  0.218639	  0.233743	  0.238986	
 0.216492	  0.251964	  0.234451	  0.297091	
 0.167455	  0.263012	  0.253491	  0.31604	
 0.240975	  0.263781	  0.311547	  0.183695	

MOTIF motif35 motif35

letter-probability matrix: alength= 4 w= 15
 0.290337	  0.234248	  0.234945	  0.240468	
 0.199056	  0.2654	  0.154716	  0.380826	
 0.192659	  0.256246	  0.326855	  0.224239	
 0.151528	  0.184146	  0.357159	  0.307164	
 0.234235	  0.317216	  0.132976	  0.315571	
 0.216348	  0.16476	  0.362544	  0.256347	
 0.390979	  0.271031	  0.090362	  0.247626	
 0.122117	  0.372838	  0.20614	  0.298902	
 0.302237	  0.322588	  0.193614	  0.181559	
 0.211233	  0.264471	  0.21176	  0.312534	
 0.205857	  0.356946	  0.2112	  0.225995	
 0.197878	  0.240889	  0.285381	  0.27585	
 0.256474	  0.274777	  0.216682	  0.252065	
 0.285669	  0.24755	  0.202678	  0.264101	
 0.262928	  0.296813	  0.170916	  0.269341	

MOTIF motif36 motif36

letter-probability matrix: alength= 4 w= 15
 0.300726	  0.249695	  0.27482	  0.174757	
 0.222025	  0.245655	  0.251195	  0.281123	
 0.203986	  0.288714	  0.21902	  0.288278	
 0.22423	  0.282457	  0.234883	  0.258428	
 0.331826	  0.239468	  0.205343	  0.22336	
 0.162724	  0.292149	  0.174933	  0.370191	
 0.169233	  0.404865	  0.255011	  0.170888	
 0.136311	  0.178114	  0.321922	  0.363651	
 0.227856	  0.153757	  0.32067	  0.297715	
 0.237729	  0.321175	  0.225831	  0.215262	
 0.361999	  0.127336	  0.18033	  0.330334	
 0.12086	  0.291629	  0.222726	  0.364784	
 0.232848	  0.244465	  0.230008	  0.292677	
 0.283755	  0.269572	  0.269784	  0.176888	
 0.283789	  0.259685	  0.219287	  0.237237	

MOTIF motif37 motif37

letter-probability matrix: alength= 4 w= 15
 0.264869	  0.19828	  0.262933	  0.273916	
 0.165106	  0.170416	  0.36103	  0.303445	
 0.25041	  0.220355	  0.194454	  0.33478	
 0.240282	  0.297383	  0.268003	  0.194331	
 0.278569	  0.236087	  0.233801	  0.251541	
 0.237566	  0.224669	  0.263475	  0.274288	
 0.291693	  0.303264	  0.179744	  0.225297	
 0.279158	  0.237096	  0.312708	  0.171036	
 0.245208	  0.274131	  0.289832	  0.190828	
 0.251893	  0.240288	  0.158493	  0.349323	
 0.401942	  0.220329	  0.160766	  0.216961	
 0.42337	  0.180566	  0.314001	  0.082061	
 0.108999	  0.288145	  0.254315	  0.348539	
 0.325114	  0.332896	  0.155311	  0.186678	
 0.214097	  0.286637	  0.260291	  0.238973	

MOTIF motif38 motif38

letter-probability matrix: alength= 4 w= 15
 0.203997	  0.278519	  0.345572	  0.17191	
 0.231644	  0.223086	  0.369973	  0.175295	
 0.291585	  0.240145	  0.305984	  0.162285	
 0.333554	  0.264621	  0.196554	  0.205269	
 0.296125	  0.377053	  0.091356	  0.235464	
 0.334419	  0.216029	  0.214776	  0.234775	
 0.206363	  0.358499	  0.280322	  0.154813	
 0.198716	  0.296111	  0.257553	  0.247617	
 0.326026	  0.130333	  0.276519	  0.26712	
 0.264208	  0.185416	  0.408857	  0.141517	
 0.245391	  0.222233	  0.266388	  0.265985	
 0.334982	  0.26495	  0.179928	  0.220137	
 0.30349	  0.219907	  0.309815	  0.166785	
 0.167934	  0.221429	  0.362332	  0.248302	
 0.255609	  0.261279	  0.209858	  0.273251	

MOTIF motif39 motif39

letter-probability matrix: alength= 4 w= 15
 0.223559	  0.235015	  0.307198	  0.234226	
 0.204007	  0.291458	  0.259805	  0.244728	
 0.255659	  0.313935	  0.15192	  0.278484	
 0.184294	  0.29675	  0.184555	  0.334399	
 0.179733	  0.173459	  0.493669	  0.153137	
 0.223442	  0.13733	  0.205678	  0.433549	
 0.311049	  0.392689	  0.179513	  0.116747	
 0.293354	  0.341124	  0.236633	  0.128888	
 0.244519	  0.267053	  0.242493	  0.245933	
 0.280517	  0.225381	  0.222559	  0.271541	
 0.257674	  0.283649	  0.212629	  0.246046	
 0.282066	  0.237075	  0.22949	  0.251366	
 0.221337	  0.200487	  0.378221	  0.199953	
 0.266494	  0.174875	  0.334117	  0.224512	
 0.261633	  0.251054	  0.194463	  0.292848	

MOTIF motif40 motif40

letter-probability matrix: alength= 4 w= 15
 0.267129	  0.143875	  0.234815	  0.354179	
 0.190549	  0.1918	  0.232175	  0.385473	
 0.226039	  0.273326	  0.196798	  0.303835	
 0.343324	  0.247678	  0.228092	  0.180905	
 0.407645	  0.260175	  0.14755	  0.184628	
 0.223869	  0.186678	  0.396377	  0.193075	
 0.167663	  0.287416	  0.216209	  0.32871	
 0.219926	  0.275896	  0.342057	  0.162119	
 0.127746	  0.224625	  0.382469	  0.265158	
 0.314458	  0.179744	  0.280688	  0.225108	
 0.380361	  0.258415	  0.148238	  0.212984	
 0.209884	  0.233182	  0.203766	  0.353166	
 0.235185	  0.256763	  0.187398	  0.320653	
 0.295841	  0.254684	  0.241072	  0.208401	
 0.266235	  0.22945	  0.297525	  0.206788	

MOTIF motif41 motif41

letter-probability matrix: alength= 4 w= 15
 0.186805	  0.214096	  0.291353	  0.307745	
 0.217615	  0.289331	  0.28482	  0.208232	
 0.230938	  0.250401	  0.132905	  0.385754	
 0.215253	  0.15754	  0.189396	  0.437808	
 0.200163	  0.262435	  0.273692	  0.263708	
 0.392598	  0.190531	  0.239545	  0.177324	
 0.137511	  0.370693	  0.240035	  0.251759	
 0.320249	  0.22325	  0.286257	  0.170242	
 0.307815	  0.159942	  0.310875	  0.221366	
 0.233241	  0.183094	  0.368472	  0.215191	
 0.223236	  0.161065	  0.280294	  0.335403	
 0.316878	  0.307319	  0.224112	  0.151689	
 0.127867	  0.333591	  0.272302	  0.266238	
 0.303546	  0.274702	  0.237808	  0.183942	
 0.246618	  0.277642	  0.173876	  0.301862	

MOTIF motif42 motif42

letter-probability matrix: alength= 4 w= 15
 0.266069	  0.22115	  0.255992	  0.256787	
 0.282036	  0.182511	  0.282777	  0.252674	
 0.230516	  0.310256	  0.235093	  0.224133	
 0.272473	  0.181719	  0.311699	  0.234108	
 0.271193	  0.29351	  0.194745	  0.240551	
 0.3832	  0.342108	  0.095208	  0.179481	
 0.14503	  0.296145	  0.357073	  0.20175	
 0.244359	  0.310728	  0.222369	  0.222542	
 0.194651	  0.264665	  0.15006	  0.390622	
 0.345484	  0.141654	  0.354448	  0.158412	
 0.261057	  0.258233	  0.252366	  0.228342	
 0.166165	  0.293058	  0.300449	  0.240326	
 0.296606	  0.1749	  0.333318	  0.195174	
 0.193913	  0.298268	  0.157983	  0.349834	
 0.240965	  0.231631	  0.236182	  0.29122	

MOTIF motif43 motif43

letter-probability matrix: alength= 4 w= 15
 0.281974	  0.232741	  0.280867	  0.204416	
 0.262999	  0.235082	  0.274419	  0.227498	
 0.221942	  0.277141	  0.266962	  0.233952	
 0.286063	  0.197441	  0.318635	  0.197859	
 0.245321	  0.284293	  0.225858	  0.244526	
 0.234375	  0.244645	  0.326731	  0.194246	
 0.199641	  0.331058	  0.22401	  0.245289	
 0.236065	  0.196817	  0.297018	  0.270098	
 0.183948	  0.237279	  0.281758	  0.297013	
 0.276196	  0.236253	  0.26868	  0.218869	
 0.39268	  0.077521	  0.186195	  0.343602	
 0.309524	  0.438073	  0.154261	  0.09814	
 0.33826	  0.319756	  0.152168	  0.189815	
 0.16725	  0.2754	  0.206924	  0.350424	
 0.22268	  0.232199	  0.265765	  0.279354	

MOTIF motif44 motif44

letter-probability matrix: alength= 4 w= 15
 0.339458	  0.16171	  0.255586	  0.243244	
 0.315821	  0.254647	  0.31815	  0.11138	
 0.365373	  0.34086	  0.141742	  0.152024	
 0.213769	  0.306401	  0.187646	  0.292182	
 0.308909	  0.239052	  0.15799	  0.294047	
 0.239094	  0.259153	  0.312961	  0.188789	
 0.284335	  0.266851	  0.278554	  0.170258	
 0.232018	  0.166989	  0.219093	  0.381898	
 0.247159	  0.341055	  0.197007	  0.214777	
 0.20017	  0.218948	  0.323588	  0.257293	
 0.137921	  0.290085	  0.361143	  0.210849	
 0.196265	  0.19423	  0.297924	  0.311578	
 0.226154	  0.212956	  0.307904	  0.252984	
 0.277382	  0.261912	  0.152629	  0.308075	
 0.167245	  0.246652	  0.23377	  0.352331	

MOTIF motif45 motif45

letter-probability matrix: alength= 4 w= 15
 0.243375	  0.22789	  0.2896	  0.239134	
 0.225791	  0.228857	  0.348174	  0.197176	
 0.223136	  0.185949	  0.333562	  0.25735	
 0.219013	  0.350199	  0.08022	  0.350566	
 0.329531	  0.126122	  0.270069	  0.274276	
 0.287731	  0.165728	  0.336788	  0.209751	
 0.341012	  0.19066	  0.268595	  0.19973	
 0.197313	  0.280309	  0.34316	  0.179216	
 0.261935	  0.25666	  0.161692	  0.319711	
 0.377067	  0.222611	  0.241082	  0.159238	
 0.379964	  0.19577	  0.219235	  0.205029	
 0.172068	  0.349609	  0.258903	  0.219419	
 0.257269	  0.324755	  0.146126	  0.271848	
 0.297566	  0.260154	  0.205069	  0.23721	
 0.260849	  0.262658	  0.204504	  0.271987	

MOTIF motif46 motif46

letter-probability matrix: alength= 4 w= 15
 0.301605	  0.210041	  0.29917	  0.189182	
 0.27385	  0.191505	  0.260881	  0.273761	
 0.323737	  0.31599	  0.260886	  0.099384	
 0.105694	  0.33785	  0.273519	  0.282935	
 0.193492	  0.16015	  0.339182	  0.307174	
 0.248115	  0.270151	  0.319655	  0.162077	
 0.197881	  0.311423	  0.277297	  0.213397	
 0.212922	  0.33783	  0.211949	  0.237296	
 0.265322	  0.185603	  0.297277	  0.251796	
 0.225701	  0.213759	  0.217577	  0.34296	
 0.28226	  0.249947	  0.246003	  0.221788	
 0.21855	  0.26149	  0.222407	  0.29755	
 0.238167	  0.334113	  0.160427	  0.267291	
 0.343014	  0.21286	  0.257135	  0.186989	
 0.173592	  0.194971	  0.317471	  0.313964	

MOTIF motif47 motif47

letter-probability matrix: alength= 4 w= 15
 0.25271	  0.261616	  0.216713	  0.268958	
 0.301411	  0.242025	  0.207406	  0.249155	
 0.242916	  0.305015	  0.241431	  0.210636	
 0.364124	  0.165737	  0.274363	  0.195774	
 0.149586	  0.297881	  0.225213	  0.327318	
 0.446986	  0.159635	  0.19629	  0.197088	
 0.277955	  0.22383	  0.394283	  0.10393	
 0.17775	  0.188022	  0.522366	  0.11186	
 0.197181	  0.186719	  0.182435	  0.433663	
 0.195985	  0.273	  0.270736	  0.260278	
 0.280429	  0.193204	  0.236695	  0.28967	
 0.30519	  0.248844	  0.215745	  0.23022	
 0.267791	  0.218809	  0.263338	  0.250059	
 0.261641	  0.25408	  0.241422	  0.242854	
 0.257839	  0.263762	  0.237609	  0.240788	

MOTIF motif48 motif48

letter-probability matrix: alength= 4 w= 15
 0.251263	  0.244021	  0.315533	  0.189181	
 0.182225	  0.271495	  0.260527	  0.285751	
 0.22843	  0.305425	  0.24317	  0.222972	
 0.302718	  0.190449	  0.251854	  0.254977	
 0.224636	  0.252127	  0.242122	  0.281113	
 0.285141	  0.269965	  0.117695	  0.327197	
 0.256289	  0.269361	  0.244262	  0.230086	
 0.155027	  0.421448	  0.258163	  0.16536	
 0.206212	  0.327648	  0.259796	  0.206342	
 0.228806	  0.114485	  0.297404	  0.359302	
 0.130683	  0.182465	  0.320002	  0.366848	
 0.137058	  0.200888	  0.266515	  0.395537	
 0.306421	  0.227712	  0.193318	  0.272547	
 0.169461	  0.204768	  0.355544	  0.270226	
 0.15606	  0.264847	  0.262006	  0.317085	

MOTIF motif49 motif49

letter-probability matrix: alength= 4 w= 15
 0.26121	  0.242614	  0.226818	  0.269356	
 0.18971	  0.255347	  0.252057	  0.302884	
 0.2508	  0.194822	  0.297841	  0.256534	
 0.285279	  0.176853	  0.266297	  0.271569	
 0.319039	  0.19349	  0.246473	  0.240997	
 0.227717	  0.243863	  0.229627	  0.298791	
 0.379243	  0.155949	  0.363561	  0.101245	
 0.494738	  0.212334	  0.112601	  0.180324	
 0.402568	  0.157271	  0.128315	  0.311844	
 0.180418	  0.213693	  0.203787	  0.4021	
 0.278373	  0.207918	  0.227603	  0.286105	
 0.250067	  0.210615	  0.284034	  0.255282	
 0.236642	  0.210514	  0.277853	  0.274989	
 0.235403	  0.269675	  0.204229	  0.290691	
 0.253417	  0.247274	  0.226731	  0.272575	

MOTIF motif50 motif50

letter-probability matrix: alength= 4 w= 15
 0.283537	  0.177444	  0.269315	  0.269703	
 0.161616	  0.32598	  0.279468	  0.232933	
 0.304121	  0.310442	  0.171964	  0.21347	
 0.24953	  0.27494	  0.216699	  0.258828	
 0.328379	  0.164902	  0.185645	  0.321073	
 0.218085	  0.307578	  0.128362	  0.345972	
 0.171282	  0.241369	  0.184282	  0.403065	
 0.396627	  0.209216	  0.249707	  0.144447	
 0.379881	  0.205288	  0.236447	  0.178382	
 0.340535	  0.113694	  0.286571	  0.259197	
 0.259299	  0.233742	  0.318318	  0.188639	
 0.15057	  0.308719	  0.246128	  0.294582	
 0.299847	  0.191908	  0.299299	  0.208944	
 0.158021	  0.303535	  0.326609	  0.211833	
 0.253993	  0.231222	  0.232635	  0.282148	

MOTIF motif51 motif51

letter-probability matrix: alength= 4 w= 15
 0.184919	  0.294759	  0.31456	  0.205761	
 0.273712	  0.233877	  0.281996	  0.210413	
 0.30226	  0.258567	  0.231046	  0.208125	
 0.211431	  0.305113	  0.191145	  0.292309	
 0.209166	  0.351802	  0.173525	  0.265505	
 0.229977	  0.194889	  0.24468	  0.330451	
 0.192412	  0.257442	  0.25355	  0.296593	
 0.263141	  0.278681	  0.29952	  0.158657	
 0.325976	  0.215477	  0.224047	  0.234498	
 0.191435	  0.168723	  0.377821	  0.262018	
 0.352115	  0.136507	  0.236501	  0.274875	
 0.198367	  0.21684	  0.222297	  0.362494	
 0.089414	  0.371517	  0.295816	  0.243251	
 0.375223	  0.260293	  0.15758	  0.206901	
 0.359568	  0.191448	  0.248175	  0.200807	

MOTIF motif52 motif52

letter-probability matrix: alength= 4 w= 15
 0.311458	  0.202013	  0.291957	  0.194571	
 0.198831	  0.280965	  0.265432	  0.25477	
 0.136526	  0.335964	  0.230642	  0.296865	
 0.153433	  0.408413	  0.138123	  0.300029	
 0.280872	  0.447423	  0.094327	  0.177376	
 0.227192	  0.252466	  0.189643	  0.330696	
 0.274638	  0.205801	  0.269899	  0.24966	
 0.366188	  0.195862	  0.187625	  0.250324	
 0.287148	  0.230951	  0.153201	  0.328698	
 0.31335	  0.135041	  0.249014	  0.302593	
 0.267824	  0.224451	  0.151605	  0.356118	
 0.30129	  0.258182	  0.199806	  0.24072	
 0.232299	  0.245634	  0.287624	  0.234441	
 0.254319	  0.204073	  0.272798	  0.268808	
 0.267507	  0.270404	  0.255538	  0.206548	

MOTIF motif53 motif53

letter-probability matrix: alength= 4 w= 15
 0.302235	  0.202631	  0.241019	  0.254113	
 0.324598	  0.166104	  0.255838	  0.253457	
 0.260588	  0.279875	  0.214325	  0.24521	
 0.201865	  0.33864	  0.21952	  0.239973	
 0.229328	  0.173544	  0.377144	  0.219982	
 0.294138	  0.105213	  0.296914	  0.303733	
 0.129003	  0.446641	  0.204498	  0.219857	
 0.222794	  0.380466	  0.248297	  0.148441	
 0.148956	  0.243114	  0.275927	  0.332001	
 0.235052	  0.206029	  0.335671	  0.223245	
 0.273042	  0.124196	  0.305614	  0.297146	
 0.225258	  0.1526	  0.377198	  0.244943	
 0.16657	  0.372601	  0.168397	  0.292431	
 0.233974	  0.283698	  0.24814	  0.234186	
 0.233067	  0.283233	  0.235284	  0.248414	

MOTIF motif54 motif54

letter-probability matrix: alength= 4 w= 15
 0.199711	  0.228281	  0.217275	  0.35473	
 0.336616	  0.229196	  0.23726	  0.196926	
 0.326971	  0.314003	  0.148355	  0.210668	
 0.13869	  0.362419	  0.268766	  0.230123	
 0.27028	  0.32453	  0.217193	  0.187995	
 0.254387	  0.294547	  0.179222	  0.271842	
 0.296282	  0.27048	  0.180731	  0.252505	
 0.267579	  0.383044	  0.212612	  0.136763	
 0.370925	  0.128777	  0.288093	  0.212203	
 0.266635	  0.3301	  0.119079	  0.284184	
 0.197357	  0.315243	  0.342744	  0.144654	
 0.19776	  0.267978	  0.266885	  0.267375	
 0.221434	  0.361208	  0.164586	  0.25277	
 0.289713	  0.240171	  0.16929	  0.300824	
 0.292635	  0.181411	  0.205803	  0.320149	

MOTIF motif55 motif55

letter-probability matrix: alength= 4 w= 15
 0.223505	  0.305667	  0.179741	  0.291085	
 0.256654	  0.253481	  0.301993	  0.18787	
 0.197214	  0.282534	  0.303046	  0.217205	
